*Main> f x y z = x+y+z
*Main> Main.uncurry f (2, 3, 4)
9
*Main> f 2 3 4
9
*Main> Main.curry (Main.uncurry f) 2 3 4
9
*Main> g (x,y,z) = x*y*z
*Main> Main.curry g 2 3 4
24
*Main> Main.uncurry (Main.curry g) (2, 3, 4)
24

*Main> MyFraction 1 2
1/2
*Main> (MyFraction 1 2) + (MyFraction 2 3)
7/6
*Main> (MyFraction 1 2) - (MyFraction 2 3)
-1/6
*Main> (MyFraction 1 2) * (MyFraction 2 3)
2/6
*Main> (MyFraction 1 2) / (MyFraction 2 3)
3/4
*Main> (MyFraction 1 2) < (MyFraction 2 3)
True
*Main> (MyFraction 1 2) > (MyFraction 2 3)
False
*Main> (MyFraction 1 2) <= (MyFraction 2 3)
True
*Main> (MyFraction 1 2) >= (MyFraction 2 3)
False
*Main> (MyFraction 1 2) <= (MyFraction 1 2)
True
*Main> (MyFraction 1 2) >= (MyFraction 1 2)
True
*Main> (MyFraction 1 2) == (MyFraction 1 2)
True
*Main> negate (MyFraction (-1) 2)
1/2
*Main> negate (MyFraction 1 2)
-1/2

*Main> nshuffle outshuffle [1,2,3,4,5,6,7,8,9,10] 5
[1,3,5,7,9,2,4,6,8,10]
*Main> howManyShuffles outshuffle [1,2,3,4,5,6,7,8,9,10] [1,3,5,7,9,2,4,6,8,10]
5
*Main> nshuffle outshuffle [1,2,3,4,5,6,7,8,9,10] 52
[1,5,9,4,8,3,7,2,6,10]
*Main> howManyShuffles outshuffle [1,2,3,4,5,6,7,8,9,10] [1,5,9,4,8,3,7,2,6,10]
4
*Main> nshuffle inshuffle [1,2,3,4,5,6,7,8,9,10] 5
[10,9,8,7,6,5,4,3,2,1]
*Main> howManyShuffles inshuffle [1,2,3,4,5,6,7,8,9,10] [10,9,8,7,6,5,4,3,2,1]
5
*Main> outshuffle [1,2,3,4,5,6,7,8,9,10,11,12,13,14,15,16,17,18,19,20,21,22,23,24,25,26,27,28,29,30,31,32,33,34,35,36,37,38,39,40,41,42,43,44,45,46,47,48,49,50,51,52]
[1,27,2,28,3,29,4,30,5,31,6,32,7,33,8,34,9,35,10,36,11,37,12,38,13,39,14,40,15,41,16,42,17,43,18,44,19,45,20,46,21,47,22,48,23,49,24,50,25,51,26,52]
*Main> howManyShuffles outshuffle [1,2,3,4,5,6,7,8,9,10,11,12,13,14,15,16,17,18,19,20,21,22,23,24,25,26,27,28,29,30,31,32,33,34,35,36,37,38,39,40,41,42,43,44,45,46,47,48,49,50,51,52] [1,2,3,4,5,6,7,8,9,10,11,12,13,14,15,16,17,18,19,20,21,22,23,24,25,26,27,28,29,30,31,32,33,34,35,36,37,38,39,40,41,42,43,44,45,46,47,48,49,50,51,52]
0
*Main> howManyShuffles outshuffle [1,27,2,28,3,29,4,30,5,31,6,32,7,33,8,34,9,35,10,36,11,37,12,38,13,39,14,40,15,41,16,42,17,43,18,44,19,45,20,46,21,47,22,48,23,49,24,50,25,51,26,52] [1,2,3,4,5,6,7,8,9,10,11,12,13,14,15,16,17,18,19,20,21,22,23,24,25,26,27,28,29,30,31,32,33,34,35,36,37,38,39,40,41,42,43,44,45,46,47,48,49,50,51,52]
7
# it takes 8 for outshuffle to return to original
*Main> inshuffle [1,2,3,4,5,6,7,8,9,10,11,12,13,14,15,16,17,18,19,20,21,22,23,24,25,26,27,28,29,30,31,32,33,34,35,36,37,38,39,40,41,42,43,44,45,46,47,48,49,50,51,52]
[27,1,28,2,29,3,30,4,31,5,32,6,33,7,34,8,35,9,36,10,37,11,38,12,39,13,40,14,41,15,42,16,43,17,44,18,45,19,46,20,47,21,48,22,49,23,50,24,51,25,52,26]
*Main> howManyShuffles inshuffle [1,2,3,4,5,6,7,8,9,10,11,12,13,14,15,16,17,18,19,20,21,22,23,24,25,26,27,28,29,30,31,32,33,34,35,36,37,38,39,40,41,42,43,44,45,46,47,48,49,50,51,52] [1,2,3,4,5,6,7,8,9,10,11,12,13,14,15,16,17,18,19,20,21,22,23,24,25,26,27,28,29,30,31,32,33,34,35,36,37,38,39,40,41,42,43,44,45,46,47,48,49,50,51,52]
0
*Main> howManyShuffles inshuffle [27,1,28,2,29,3,30,4,31,5,32,6,33,7,34,8,35,9,36,10,37,11,38,12,39,13,40,14,41,15,42,16,43,17,44,18,45,19,46,20,47,21,48,22,49,23,50,24,51,25,52,26] [1,2,3,4,5,6,7,8,9,10,11,12,13,14,15,16,17,18,19,20,21,22,23,24,25,26,27,28,29,30,31,32,33,34,35,36,37,38,39,40,41,42,43,44,45,46,47,48,49,50,51,52]
51
# it takes 52 for an inshuffle to return to original ordering*Main> howManyShuffles inshuffle [1,2,3,4,5,6,7,8,9,10,11,12,13,14,15,16,17,18,19,20,21,22,23,24,25,26,27,28,29,30,31,32,33,34,35,36,37,38,39,40,41,42,43,44,45,46,47,48,49,50,51,52] [52,51,50,49,48,47,46,45,44,43,42,41,40,39,38,37,36,35,34,33,32,31,30,29,28,27,26,25,24,23,22,21,20,19,18,17,16,15,14,13,12,11,10,9,8,7,6,5,4,3,2,1]
26
# it takes 26 inshuffles to reverse the order


